{
    "Hips": {
        "location": [
            0.0,
            -2.2737367544323206e-13,
            0.0
        ],
        "rotation": [
            0.0,
            -0.0,
            0.0
        ],
        "scale": [
            1.0,
            1.0,
            1.0
        ],
        "head_world": [
            0.0,
            -3.445033769367001e-07,
            0.8341416120529175
        ],
        "head_world_transformed": [
            0.0,
            -3.445036043103755e-07,
            0.8341416120529175
        ],
        "delta_matrix": [
            [
                1.0,
                0.0,
                0.0,
                0.0
            ],
            [
                0.0,
                1.0,
                0.0,
                -6.536993168992922e-13
            ],
            [
                0.0,
                0.0,
                1.0,
                -1.0841649800141795e-10
            ],
            [
                0.0,
                0.0,
                0.0,
                1.0
            ]
        ]
    },
    "Spine": {
        "location": [
            0.0,
            -6.252776074688882e-13,
            0.0
        ],
        "rotation": [
            6.670110587033929e-09,
            -0.0,
            0.0
        ],
        "scale": [
            1.0,
            1.0,
            1.0
        ],
        "head_world": [
            0.0,
            1.5308776823985681e-07,
            0.8785854578018188
        ],
        "head_world_transformed": [
            0.0,
            1.5308714296224935e-07,
            0.8785854578018188
        ],
        "delta_matrix": [
            [
                1.0,
                -4.0234064994579266e-21,
                3.251874462614404e-18,
                -2.857049575714268e-18
            ],
            [
                0.0,
                1.0,
                -1.1641525243799578e-10,
                1.1741002614584772e-10
            ],
            [
                0.0,
                1.1641539121587385e-10,
                1.0,
                -4.0831878322933335e-08
            ],
            [
                0.0,
                0.0,
                0.0,
                1.0
            ]
        ]
    },
    "Chest": {
        "location": [
            -3.105753834587524e-18,
            -3.637978807091713e-10,
            5.960464477539063e-08
        ],
        "rotation": [
            -1.2806608764883901e-06,
            -2.0355549961366507e-13,
            8.142219984546603e-13
        ],
        "scale": [
            1.0,
            0.9999999403953552,
            0.9999999403953552
        ],
        "head_world": [
            2.0816704872778837e-17,
            -0.00013817852595821023,
            0.9901005625724792
        ],
        "head_world_transformed": [
            1.7710951038191313e-17,
            -0.00013817888975609094,
            0.990100622177124
        ],
        "delta_matrix": [
            [
                1.0,
                2.8186615435893576e-14,
                -7.297553064763117e-15,
                7.27816024543573e-15
            ],
            [
                1.4210854715202004e-14,
                0.9999999403953552,
                2.2351738238057806e-08,
                -1.904845348121853e-08
            ],
            [
                3.552713678800501e-15,
                -2.2351745343485163e-08,
                0.9999999403953552,
                1.4132820069789886e-07
            ],
            [
                0.0,
                0.0,
                0.0,
                1.0
            ]
        ]
    },
    "Neck": {
        "location": [
            -1.1670882639017188e-15,
            -9.313225746154785e-10,
            -1.1920928955078125e-07
        ],
        "rotation": [
            -8.142223867059642e-13,
            1.0227472360866445e-13,
            -8.142220955174863e-13
        ],
        "scale": [
            0.9999999403953552,
            1.0,
            1.0
        ],
        "head_world": [
            5.455125114378189e-16,
            0.010536689311265945,
            1.160142421722412
        ],
        "head_world_transformed": [
            -6.215757524638999e-16,
            0.01053668837994337,
            1.1601423025131226
        ],
        "delta_matrix": [
            [
                0.9999999403953552,
                1.4210854715202004e-14,
                1.5602346888424212e-17,
                -1.3682397423915387e-15
            ],
            [
                -1.4210854715202004e-14,
                1.0,
                1.4210848785971373e-14,
                1.0184149357161942e-10
            ],
            [
                -1.7850304567801345e-15,
                -1.4210861491465582e-14,
                1.0,
                1.0310001741231645e-09
            ],
            [
                0.0,
                0.0,
                0.0,
                1.0
            ]
        ]
    },
    "Head": {
        "location": [
            -7.260185147503809e-16,
            -1.862645149230957e-09,
            -1.1920928955078125e-07
        ],
        "rotation": [
            -3.700443569696802e-07,
            2.166563149254378e-14,
            -8.14222872020094e-13
        ],
        "scale": [
            0.9999998807907104,
            1.0,
            1.0
        ],
        "head_world": [
            2.2174855367507613e-16,
            0.010536695830523968,
            1.2255957126617432
        ],
        "head_world_transformed": [
            -5.04269947840415e-16,
            0.010536693967878819,
            1.2255955934524536
        ],
        "delta_matrix": [
            [
                0.9999998807907104,
                1.4210895372783472e-14,
                -6.418717736108562e-16,
                -8.9307659947586e-17
            ],
            [
                -1.421086826772916e-14,
                1.0,
                6.458492407546146e-09,
                -8.38385005863529e-09
            ],
            [
                -3.78136551129103e-16,
                -6.458492407546146e-09,
                1.0,
                1.2970957641300629e-09
            ],
            [
                0.0,
                0.0,
                0.0,
                1.0
            ]
        ]
    },
    "LeftEye": {
        "location": [
            -3.725290298461914e-09,
            1.862645149230957e-09,
            -1.1920928955078125e-07
        ],
        "rotation": [
            -3.700443569696802e-07,
            2.1665589027557417e-14,
            -8.142224837687902e-13
        ],
        "scale": [
            0.9999998807907104,
            1.0,
            1.0
        ],
        "head_world": [
            0.03670431673526764,
            -0.007080665323883295,
            1.2555993795394897
        ],
        "head_world_transformed": [
            0.03670431300997734,
            -0.007080663461238146,
            1.2555992603302002
        ],
        "delta_matrix": [
            [
                0.9999998807907104,
                1.4210881820256316e-14,
                -6.41872514764685e-16,
                3.7252896323280993e-09
            ],
            [
                -1.4210861491465582e-14,
                1.0,
                6.458492407546146e-09,
                -8.352142089051995e-09
            ],
            [
                -3.7813580997527417e-16,
                -6.458492407546146e-09,
                1.0,
                -8.71678729197356e-10
            ],
            [
                0.0,
                0.0,
                0.0,
                1.0
            ]
        ]
    },
    "RightEye": {
        "location": [
            3.725290298461914e-09,
            1.862645149230957e-09,
            -1.1920928955078125e-07
        ],
        "rotation": [
            -3.700443569696802e-07,
            2.1665593577377383e-14,
            -8.142213190148785e-13
        ],
        "scale": [
            0.9999998807907104,
            1.0,
            1.0
        ],
        "head_world": [
            -0.03670431673526764,
            -0.007080665323883295,
            1.2555993795394897
        ],
        "head_world_transformed": [
            -0.03670431300997734,
            -0.007080663461238146,
            1.2555992603302002
        ],
        "delta_matrix": [
            [
                0.9999998807907104,
                1.4210854715202004e-14,
                -6.418725677042442e-16,
                -3.725292518907963e-09
            ],
            [
                -1.4210841162674848e-14,
                1.0,
                6.458492407546146e-09,
                -8.352140312695155e-09
            ],
            [
                -3.78135889384613e-16,
                -6.458492407546146e-09,
                1.0,
                -8.71678729197356e-10
            ],
            [
                0.0,
                0.0,
                0.0,
                1.0
            ]
        ]
    },
    "LeftShoulder": {
        "location": [
            0.0,
            9.313225746154785e-10,
            -1.1920928955078125e-07
        ],
        "rotation": [
            9.602631969857338e-07,
            0.00013860563611943163,
            -1.071028756678058e-05
        ],
        "scale": [
            0.9999999403953552,
            1.0,
            1.0
        ],
        "head_world": [
            0.043607886880636215,
            0.013756859116256237,
            1.1374014616012573
        ],
        "head_world_transformed": [
            0.043607886880636215,
            0.013756860047578812,
            1.1374013423919678
        ],
        "delta_matrix": [
            [
                0.9999999403953552,
                1.8692995240598975e-07,
                2.419126076347311e-06,
                -2.7506564492796315e-06
            ],
            [
                -1.8692975345402374e-07,
                1.0,
                -1.676088778879148e-08,
                2.7535396185385252e-08
            ],
            [
                -2.419124484731583e-06,
                1.675975447312794e-08,
                1.0,
                6.268845709200832e-08
            ],
            [
                0.0,
                0.0,
                0.0,
                1.0
            ]
        ]
    },
    "LeftUpperArm": {
        "location": [
            0.0,
            -7.450580596923828e-09,
            -2.384185791015625e-07
        ],
        "rotation": [
            1.4436469508070533e-06,
            0.00013860568822963954,
            -1.071028186722659e-05
        ],
        "scale": [
            0.9999999403953552,
            1.0,
            1.0
        ],
        "head_world": [
            0.08866530656814575,
            0.013756859116256237,
            1.1373989582061768
        ],
        "head_world_transformed": [
            0.08866530656814575,
            0.01375685166567564,
            1.1373987197875977
        ],
        "delta_matrix": [
            [
                0.9999999403953552,
                1.8692988135171618e-07,
                2.419124939478934e-06,
                -2.749412260527606e-06
            ],
            [
                -1.8692965397804073e-07,
                1.0,
                -2.5196291275619842e-08,
                3.810146864680064e-08
            ],
            [
                -2.4191253942262847e-06,
                2.5196392527959688e-08,
                1.0,
                -1.1122291709853016e-07
            ],
            [
                0.0,
                0.0,
                0.0,
                1.0
            ]
        ]
    },
    "LeftLowerArm": {
        "location": [
            -2.9802322387695312e-08,
            -4.470348358154297e-08,
            -4.76837158203125e-07
        ],
        "rotation": [
            1.443599115264644e-06,
            0.00013860572731229546,
            -1.0710280238782594e-05
        ],
        "scale": [
            1.0,
            1.0,
            1.0
        ],
        "head_world": [
            0.2830434739589691,
            0.01375686563551426,
            1.137401819229126
        ],
        "head_world_transformed": [
            0.28304344415664673,
            0.013756820932030678,
            1.1374013423919678
        ],
        "delta_matrix": [
            [
                1.0,
                1.8692985293000675e-07,
                2.4191267584683374e-06,
                -2.8013464543619193e-06
            ],
            [
                -1.8692965397804073e-07,
                1.0,
                -2.519457886762666e-08,
                3.666811210223386e-08
            ],
            [
                -2.4191263037209865e-06,
                2.519555764024517e-08,
                1.0,
                2.814162485265115e-07
            ],
            [
                0.0,
                0.0,
                0.0,
                1.0
            ]
        ]
    },
    "LeftHand": {
        "location": [
            -5.960464477539063e-08,
            -8.102506399154663e-08,
            -9.5367431640625e-07
        ],
        "rotation": [
            1.4435391681700078e-06,
            0.0001386058185051593,
            -1.0710277796116598e-05
        ],
        "scale": [
            1.0,
            0.9999999403953552,
            0.9999999403953552
        ],
        "head_world": [
            0.47598037123680115,
            0.013756810687482357,
            1.137399673461914
        ],
        "head_world_transformed": [
            0.47598031163215637,
            0.013756729662418365,
            1.1373987197875977
        ],
        "delta_matrix": [
            [
                1.0,
                1.906874302903816e-07,
                2.419126531094662e-06,
                -2.7819755814562086e-06
            ],
            [
                -1.869296113454766e-07,
                0.9999999403953552,
                -2.519425379432505e-08,
                3.765262590604834e-08
            ],
            [
                -2.4191278953367146e-06,
                2.5194507813353084e-08,
                0.9999999403953552,
                2.8649600380958873e-07
            ],
            [
                0.0,
                0.0,
                0.0,
                1.0
            ]
        ]
    },
    "LeftThumbProximal": {
        "location": [
            -8.940696716308594e-08,
            -8.149072527885437e-08,
            -8.344650268554688e-07
        ],
        "rotation": [
            0.0,
            0.00013959203024479152,
            0.0
        ],
        "scale": [
            0.9999998211860657,
            0.9999998211860657,
            0.9999997019767761
        ],
        "head_world": [
            0.4968484342098236,
            -0.005596856586635113,
            1.1280957460403442
        ],
        "head_world_transformed": [
            0.49684834480285645,
            -0.005596938077360392,
            1.1280949115753174
        ],
        "delta_matrix": [
            [
                0.9999998211860657,
                1.862645149230957e-09,
                2.3618340492248535e-06,
                -2.6831403374671936e-06
            ],
            [
                0.0,
                0.9999998211860657,
                -7.450580596923828e-09,
                -9.033828973770142e-08
            ],
            [
                -2.436339855194092e-06,
                0.0,
                0.9999997019767761,
                7.166527211666107e-07
            ],
            [
                0.0,
                0.0,
                0.0,
                1.0
            ]
        ]
    },
    "LeftThumbIntermediate": {
        "location": [
            -5.960464477539063e-08,
            -9.313225746154785e-08,
            -7.152557373046875e-07
        ],
        "rotation": [
            1.7075474960586874e-06,
            0.00014215332512844235,
            1.067217159592242e-06
        ],
        "scale": [
            0.9999999403953552,
            0.9999998807907104,
            0.9999998807907104
        ],
        "head_world": [
            0.5148182511329651,
            -0.02376900240778923,
            1.1245509386062622
        ],
        "head_world_transformed": [
            0.5148181915283203,
            -0.023769095540046692,
            1.124550223350525
        ],
        "delta_matrix": [
            [
                0.9999999403953552,
                -1.564621925354004e-07,
                2.4139881134033203e-06,
                -2.6426278054714203e-06
            ],
            [
                1.862645149230957e-08,
                0.9999998807907104,
                -2.2351741790771484e-08,
                -9.220093488693237e-08
            ],
            [
                -2.4810433387756348e-06,
                2.9802322387695312e-08,
                0.9999998807907104,
                7.573980838060379e-07
            ],
            [
                0.0,
                0.0,
                0.0,
                1.0
            ]
        ]
    },
    "LeftThumbDistal": {
        "location": [
            -1.7881393432617188e-07,
            -8.940696716308594e-08,
            -8.344650268554688e-07
        ],
        "rotation": [
            6.403303364664452e-07,
            0.00013959203024479152,
            1.067217261369992e-06
        ],
        "scale": [
            0.9999998211860657,
            0.9999999403953552,
            0.9999997615814209
        ],
        "head_world": [
            0.5325518846511841,
            -0.03301418945193291,
            1.1222018003463745
        ],
        "head_world_transformed": [
            0.5325517058372498,
            -0.03301427885890007,
            1.1222009658813477
        ],
        "delta_matrix": [
            [
                0.9999998211860657,
                2.0489096641540527e-08,
                2.3692846298217773e-06,
                -2.727378159761429e-06
            ],
            [
                1.862645149230957e-08,
                0.9999999403953552,
                -2.60770320892334e-08,
                -6.146728992462158e-08
            ],
            [
                -2.436339855194092e-06,
                1.1175870895385742e-08,
                0.9999997615814209,
                5.289912223815918e-07
            ],
            [
                0.0,
                0.0,
                0.0,
                1.0
            ]
        ]
    },
    "LeftIndexProximal": {
        "location": [
            -5.960464477539063e-08,
            -9.406358003616333e-08,
            -8.344650268554688e-07
        ],
        "rotation": [
            -2.2167195536372124e-05,
            0.00012633213188003795,
            -10.150274969890603
        ],
        "scale": [
            1.0000001192092896,
            0.9999999403953552,
            0.9999999403953552
        ],
        "head_world": [
            0.5445764064788818,
            -0.0065115271136164665,
            1.1350736618041992
        ],
        "head_world_transformed": [
            0.5445763468742371,
            -0.006511621177196503,
            1.1350728273391724
        ],
        "delta_matrix": [
            [
                0.9843490123748779,
                0.1762305200099945,
                2.238582283098367e-06,
                0.009668097831308842
            ],
            [
                -0.1762305349111557,
                0.9843488931655884,
                -7.736072227260138e-09,
                0.09586898982524872
            ],
            [
                -2.204911652370356e-06,
                -3.868904911996651e-07,
                0.9999999403953552,
                4.80657547541341e-07
            ],
            [
                0.0,
                0.0,
                0.0,
                1.0
            ]
        ]
    },
    "LeftIndexIntermediate": {
        "location": [
            -0.00033354759216308594,
            -0.003754868172109127,
            -8.344650268554688e-07
        ],
        "rotation": [
            -2.2167221591476074e-05,
            0.0001263321449075899,
            -10.150274969890603
        ],
        "scale": [
            1.0,
            0.9999998807907104,
            0.9999999403953552
        ],
        "head_world": [
            0.5658824443817139,
            -0.006511538289487362,
            1.1350736618041992
        ],
        "head_world_transformed": [
            0.5655488967895508,
            -0.010266406461596489,
            1.1350728273391724
        ],
        "delta_matrix": [
            [
                0.9843489527702332,
                0.1762305200099945,
                2.238582283098367e-06,
                0.009668082930147648
            ],
            [
                -0.1762305349111557,
                0.9843488335609436,
                -7.735645901618682e-09,
                0.09586899727582932
            ],
            [
                -2.2049118797440315e-06,
                -3.86890945947016e-07,
                0.9999999403953552,
                5.234438731349655e-07
            ],
            [
                0.0,
                0.0,
                0.0,
                1.0
            ]
        ]
    },
    "LeftIndexDistal": {
        "location": [
            -0.0005550384521484375,
            -0.006248628720641136,
            -8.344650268554688e-07
        ],
        "rotation": [
            -2.216721996303208e-05,
            0.00012633213188003795,
            -10.150274969890603
        ],
        "scale": [
            1.0000001192092896,
            0.9999999403953552,
            0.9999999403953552
        ],
        "head_world": [
            0.580033004283905,
            -0.006511549465358257,
            1.1350736618041992
        ],
        "head_world_transformed": [
            0.5794779658317566,
            -0.012760178185999393,
            1.1350728273391724
        ],
        "delta_matrix": [
            [
                0.9843490123748779,
                0.1762305200099945,
                2.238582283098367e-06,
                0.00966804288327694
            ],
            [
                -0.1762305349111557,
                0.9843488931655884,
                -7.735700968680703e-09,
                0.09586898982524872
            ],
            [
                -2.204911652370356e-06,
                -3.868909175253066e-07,
                0.9999999403953552,
                5.549114234781882e-07
            ],
            [
                0.0,
                0.0,
                0.0,
                1.0
            ]
        ]
    },
    "LeftMiddleProximal": {
        "location": [
            -5.960464477539063e-08,
            -9.452924132347107e-08,
            -8.344650268554688e-07
        ],
        "rotation": [
            1.4435766223819366e-06,
            0.00013860576639495139,
            -1.071028268144859e-05
        ],
        "scale": [
            1.0,
            0.9999999403953552,
            0.9999999403953552
        ],
        "head_world": [
            0.5443451404571533,
            0.004811514168977737,
            1.1373560428619385
        ],
        "head_world_transformed": [
            0.5443450808525085,
            0.004811419639736414,
            1.1373552083969116
        ],
        "delta_matrix": [
            [
                1.0,
                1.9068755818807404e-07,
                2.41912562159996e-06,
                -2.8143019790149992e-06
            ],
            [
                -1.8692969661060488e-07,
                0.9999999403953552,
                -2.5195276975864545e-08,
                3.633357437138329e-08
            ],
            [
                -2.419126985842013e-06,
                2.5195161512669983e-08,
                0.9999999403953552,
                6.062801389816741e-07
            ],
            [
                0.0,
                0.0,
                0.0,
                1.0
            ]
        ]
    },
    "LeftMiddleIntermediate": {
        "location": [
            -5.960464477539063e-08,
            -9.872019290924072e-08,
            -9.5367431640625e-07
        ],
        "rotation": [
            1.4435586077202208e-06,
            0.00013860575336739942,
            -1.071028268144859e-05
        ],
        "scale": [
            1.0,
            0.9999999403953552,
            0.9999999403953552
        ],
        "head_world": [
            0.5694845914840698,
            0.0048115006648004055,
            1.1373560428619385
        ],
        "head_world_transformed": [
            0.569484531879425,
            0.004811401944607496,
            1.137355089187622
        ],
        "delta_matrix": [
            [
                1.0,
                1.906875155555099e-07,
                2.4191253942262847e-06,
                -2.815257630572887e-06
            ],
            [
                -1.8692969661060488e-07,
                0.9999999403953552,
                -2.519493591535138e-08,
                3.679980409287964e-08
            ],
            [
                -2.4191267584683374e-06,
                2.519484709750941e-08,
                0.9999999403953552,
                5.471791268973902e-07
            ],
            [
                0.0,
                0.0,
                0.0,
                1.0
            ]
        ]
    },
    "LeftMiddleDistal": {
        "location": [
            -5.960464477539063e-08,
            -1.0151416063308716e-07,
            -9.5367431640625e-07
        ],
        "rotation": [
            1.4435584041647214e-06,
            0.00013860575336739942,
            -1.0710289195224577e-05
        ],
        "scale": [
            1.0,
            0.9999999403953552,
            0.9999999403953552
        ],
        "head_world": [
            0.5855552554130554,
            0.00481148948892951,
            1.1373560428619385
        ],
        "head_world_transformed": [
            0.5855551958084106,
            0.004811387974768877,
            1.137355089187622
        ],
        "delta_matrix": [
            [
                1.0,
                1.9068747292294574e-07,
                2.4191253942262847e-06,
                -2.8158153781987494e-06
            ],
            [
                -1.869298102974426e-07,
                0.9999999403953552,
                -2.519493591535138e-08,
                3.678081839098013e-08
            ],
            [
                -2.4191267584683374e-06,
                2.519484354479573e-08,
                0.9999999403953552,
                5.866455126124492e-07
            ],
            [
                0.0,
                0.0,
                0.0,
                1.0
            ]
        ]
    },
    "LeftRingProximal": {
        "location": [
            -5.960464477539063e-08,
            -9.499490261077881e-08,
            -8.344650268554688e-07
        ],
        "rotation": [
            2.4809394774677404e-05,
            0.00014479365816992716,
            9.430634286107011
        ],
        "scale": [
            1.0,
            0.9999998807907104,
            0.9999999403953552
        ],
        "head_world": [
            0.5420738458633423,
            0.018389685079455376,
            1.134887456893921
        ],
        "head_world_transformed": [
            0.5420737862586975,
            0.018389590084552765,
            1.134886622428894
        ],
        "delta_matrix": [
            [
                0.986484706401825,
                -0.16385342180728912,
                2.5639208161010174e-06,
                0.010336536914110184
            ],
            [
                0.16385343670845032,
                0.9864845871925354,
                -1.3074269666901728e-08,
                -0.08857220411300659
            ],
            [
                -2.5271260710724164e-06,
                4.3300556740177853e-07,
                0.9999999403953552,
                6.623382091675012e-07
            ],
            [
                0.0,
                0.0,
                0.0,
                1.0
            ]
        ]
    },
    "LeftRingIntermediate": {
        "location": [
            -0.0003024935722351074,
            0.003666261211037636,
            -8.344650268554688e-07
        ],
        "rotation": [
            2.480937523334944e-05,
            0.0001447936451423752,
            9.430634286107011
        ],
        "scale": [
            0.9999999403953552,
            0.9999998807907104,
            0.9999999403953552
        ],
        "head_world": [
            0.564449667930603,
            0.018389670178294182,
            1.134887456893921
        ],
        "head_world_transformed": [
            0.5641471743583679,
            0.022055931389331818,
            1.134886622428894
        ],
        "delta_matrix": [
            [
                0.9864846467971802,
                -0.16385342180728912,
                2.563920588727342e-06,
                0.01033653225749731
            ],
            [
                0.16385342180728912,
                0.9864845871925354,
                -1.307399433159162e-08,
                -0.0885721892118454
            ],
            [
                -2.527125843698741e-06,
                4.3300522634126537e-07,
                0.9999999403953552,
                7.115385756151227e-07
            ],
            [
                0.0,
                0.0,
                0.0,
                1.0
            ]
        ]
    },
    "LeftRingDistal": {
        "location": [
            -0.0005053877830505371,
            0.006126120686531067,
            -8.344650268554688e-07
        ],
        "rotation": [
            2.480938011868143e-05,
            0.00014479365816992716,
            9.430634286107011
        ],
        "scale": [
            1.0,
            0.9999998807907104,
            0.9999999403953552
        ],
        "head_world": [
            0.5794622302055359,
            0.018389660865068436,
            1.134887456893921
        ],
        "head_world_transformed": [
            0.5789568424224854,
            0.024515781551599503,
            1.134886622428894
        ],
        "delta_matrix": [
            [
                0.986484706401825,
                -0.16385340690612793,
                2.563920588727342e-06,
                0.010336501523852348
            ],
            [
                0.16385343670845032,
                0.9864845871925354,
                -1.3074188842665535e-08,
                -0.088572196662426
            ],
            [
                -2.5271260710724164e-06,
                4.3300531160639366e-07,
                0.9999999403953552,
                7.645538744327496e-07
            ],
            [
                0.0,
                0.0,
                0.0,
                1.0
            ]
        ]
    },
    "LeftLittleProximal": {
        "location": [
            -5.960464477539063e-08,
            -9.499490261077881e-08,
            -8.344650268554688e-07
        ],
        "rotation": [
            6.401021222536084e-05,
            0.00015164234646374483,
            24.115560638428292
        ],
        "scale": [
            1.0,
            0.9999999403953552,
            0.9999999403953552
        ],
        "head_world": [
            0.5383563041687012,
            0.029999317601323128,
            1.1306908130645752
        ],
        "head_world_transformed": [
            0.5383562445640564,
            0.029999222606420517,
            1.1306899785995483
        ],
        "delta_matrix": [
            [
                0.9127233028411865,
                -0.4085783362388611,
                2.8721269700326957e-06,
                0.05923967808485031
            ],
            [
                0.40857839584350586,
                0.912723183631897,
                6.168420441099443e-08,
                -0.21734267473220825
            ],
            [
                -2.6466584586160025e-06,
                1.1171888445460354e-06,
                0.9999999403953552,
                7.216455628622498e-07
            ],
            [
                0.0,
                0.0,
                0.0,
                1.0
            ]
        ]
    },
    "LeftLittleIntermediate": {
        "location": [
            -0.0014582276344299316,
            0.006826246157288551,
            -8.344650268554688e-07
        ],
        "rotation": [
            6.401019919780886e-05,
            0.00015164232040864087,
            24.115560638428292
        ],
        "scale": [
            1.0,
            0.9999999403953552,
            0.9999999403953552
        ],
        "head_world": [
            0.5550638437271118,
            0.02999931015074253,
            1.1306908130645752
        ],
        "head_world_transformed": [
            0.5536056160926819,
            0.03682555630803108,
            1.1306899785995483
        ],
        "delta_matrix": [
            [
                0.9127233028411865,
                -0.4085783362388611,
                2.8721267426590202e-06,
                0.05923972651362419
            ],
            [
                0.40857839584350586,
                0.912723183631897,
                6.168443178466987e-08,
                -0.21734267473220825
            ],
            [
                -2.6466580038686516e-06,
                1.11718861717236e-06,
                0.9999999403953552,
                7.425743433486787e-07
            ],
            [
                0.0,
                0.0,
                0.0,
                1.0
            ]
        ]
    },
    "LeftLittleDistal": {
        "location": [
            -0.0024654269218444824,
            0.01154128834605217,
            -8.344650268554688e-07
        ],
        "rotation": [
            6.401019268403287e-05,
            0.00015164233343619284,
            24.115558930880997
        ],
        "scale": [
            1.0000001192092896,
            1.0,
            0.9999999403953552
        ],
        "head_world": [
            0.56660395860672,
            0.029999300837516785,
            1.1306908130645752
        ],
        "head_world_transformed": [
            0.5641385316848755,
            0.041540589183568954,
            1.1306899785995483
        ],
        "delta_matrix": [
            [
                0.9127233624458313,
                -0.4085783362388611,
                2.8721267426590202e-06,
                0.059239692986011505
            ],
            [
                0.40857839584350586,
                0.9127232432365417,
                6.168442467924251e-08,
                -0.21734265983104706
            ],
            [
                -2.646658231242327e-06,
                1.11718861717236e-06,
                0.9999999403953552,
                7.9583941214878e-07
            ],
            [
                0.0,
                0.0,
                0.0,
                1.0
            ]
        ]
    },
    "RightShoulder": {
        "location": [
            3.725290298461914e-09,
            1.862645149230957e-09,
            -1.1920928955078125e-07
        ],
        "rotation": [
            5.335902598011558e-07,
            -1.9245327326037636e-05,
            -1.6448158385210604e-07
        ],
        "scale": [
            0.9999999403953552,
            1.0,
            1.0
        ],
        "head_world": [
            -0.043607886880636215,
            0.013756860047578812,
            1.1374014616012573
        ],
        "head_world_transformed": [
            -0.04360788315534592,
            0.013756861910223961,
            1.1374013423919678
        ],
        "delta_matrix": [
            [
                0.9999999403953552,
                2.8705964272290885e-09,
                -3.3589523695809476e-07,
                3.82213556804345e-07
            ],
            [
                -2.8707447530251784e-09,
                1.0,
                -9.313493976037535e-09,
                1.1875183503207154e-08
            ],
            [
                3.3589429904168355e-07,
                9.312906890102113e-09,
                1.0,
                -2.802863718898152e-08
            ],
            [
                0.0,
                0.0,
                0.0,
                1.0
            ]
        ]
    },
    "RightUpperArm": {
        "location": [
            7.450580596923828e-09,
            1.862645149230957e-09,
            -1.1920928955078125e-07
        ],
        "rotation": [
            1.0180230877786092e-06,
            -1.924537943624554e-05,
            -1.6448503157338076e-07
        ],
        "scale": [
            0.9999999403953552,
            1.0,
            1.0
        ],
        "head_world": [
            -0.08866530656814575,
            0.013756860047578812,
            1.1373989582061768
        ],
        "head_world_transformed": [
            -0.08866529911756516,
            0.013756861910223961,
            1.1373988389968872
        ],
        "delta_matrix": [
            [
                0.9999999403953552,
                2.87065060611269e-09,
                -3.3589569170544564e-07,
                3.847070502160932e-07
            ],
            [
                -2.870804927113113e-09,
                1.0,
                -1.7767920468259035e-08,
                2.1714024356356276e-08
            ],
            [
                3.358952085363853e-07,
                1.7767854743055977e-08,
                1.0,
                -1.7656083173278603e-07
            ],
            [
                0.0,
                0.0,
                0.0,
                1.0
            ]
        ]
    },
    "RightLowerArm": {
        "location": [
            2.9802322387695312e-08,
            2.7939677238464355e-09,
            0.0
        ],
        "rotation": [
            1.017766607849096e-06,
            -1.924547877132935e-05,
            -1.6448571857319195e-07
        ],
        "scale": [
            1.0,
            1.0,
            1.0
        ],
        "head_world": [
            -0.2830434739589691,
            0.013756866566836834,
            1.137401819229126
        ],
        "head_world_transformed": [
            -0.28304344415664673,
            0.013756869360804558,
            1.137401819229126
        ],
        "delta_matrix": [
            [
                1.0,
                2.870699011836564e-09,
                -3.3589859071980754e-07,
                4.292601829547493e-07
            ],
            [
                -2.870817361610989e-09,
                1.0,
                -1.7763388981961725e-08,
                2.144312105656354e-08
            ],
            [
                3.3589697068237e-07,
                1.776337832382069e-08,
                1.0,
                1.703762535498754e-07
            ],
            [
                0.0,
                0.0,
                0.0,
                1.0
            ]
        ]
    },
    "RightHand": {
        "location": [
            5.960464477539063e-08,
            3.725290298461914e-09,
            -1.1920928955078125e-07
        ],
        "rotation": [
            1.0177253878604242e-06,
            -1.9245630216621063e-05,
            -1.644484424723252e-07
        ],
        "scale": [
            1.0,
            0.9999999403953552,
            0.9999999403953552
        ],
        "head_world": [
            -0.47598037123680115,
            0.013756811618804932,
            1.137399673461914
        ],
        "head_world_transformed": [
            -0.47598031163215637,
            0.01375681534409523,
            1.1373995542526245
        ],
        "delta_matrix": [
            [
                1.0,
                -8.854234012645179e-10,
                -3.358991875757056e-07,
